$ANSIBLE_VAULT;1.1;AES256
64353634633637323766313534343561353565633536623131613663343663316234333464333835
6237623364373236633036386231626137393530646535350a626335343532333830393765323064
62326465376638396339376235343935303739366139346536333266663039623739383732326238
3866643735656565310a333736396163383431626566383933313435666562306536656635386434
61333762336236306262303238386564656433653865316138653631323166313661313837616132
34323662333235656430316661613165303433383137323161373564663030653432633761376637
65623834633633393261353030636335306539323732323666663433626132633131316231393438
31656264393634303964623138613062663034346338363630303636383231373736393934346332
37316164633662663065306664653734326661626263653166353438643031303632393638646139
63353938323630613562393332633363373961353266623330393063306166346233323739353936
32373864373162636232303539383935653332653962376330666238396363623732306336623634
62396430363331333838306239663735383362336166616163363063316262653136333635326636
61653164336166313265303830623363636533333039323138343763323330396139336464346432
35333463376165343535303265393061346638643338643530623062363739636265633830383462
61393531626331656435636332386430393661303638383831626338386163306365633962353566
36626266623334626635356534336161663931363862353039326635303538663639663138663365
64646266653636666130386263643938366231653532326130333733353262643964633330393462
34396564613532663638386263366238636662353038396330306366646361343833363333643737
35616436623738636431383933393238346664623032353364373632333835353336333536646339
35386464393937613435306131383162633934363630343430616236396535306330383836636563
30656233613633326633616536343639353939653961373662616461666363373637303963396264
39303864383261323865336364653662653636666565303936333763663634313366633836656664
64396134393566313633366231663138386339356164373135386562616638363332303834643965
66333734613834623230306333386132316434643730366535373265316666613132313736373861
37643539636565366465623164626637643464326264643463363566663163303033376331613561
33656362623834343831336339376364353134303964346164633966316535666566656238333761
35363036303135626136306332313164613365646131646439653361363130383764663762613133
62353530626439666666383338383435633632346230363337326237643463653935616538316565
34313536623165616530303834333132616434353336303236386261623163383465633132663934
32386539633031653932373262383432363863366266393335626532373737373765376132333065
31306436636633646663613432303739663164343466333662303231636532396430396264343837
39396363383061336262643437333634356564383165346530656133656664393561306433643936
65643533633730666263616234383133376163343965656331313936646364666664333039653466
63356630663664633065336330343030323132366630663565343639643531346138336531646566
33306161333532343766396237333235353363636237633634623932356639323130663931373461
32623538376364303863303038633732313433343436656236376333613539623633633130393338
66386162656333623962653234333930303834303738346433323436633962623463616136363031
36663966393265393964396639343166386433336532323835613935316435366261623166396466
61336461656132333861313963386463383063343433626138616461393232343964343933366230
35326364643537326463383037326333316532613534343937363436326661616134363538633264
31643336356130363532626130383164663963666161353735323161643438303066343562346339
37376261613339636134636432356135643836663366353466346463323565653364646433613566
34646237356266643537646132646365656565363832656134366566323366653832643264633035
66396339626565316633353966373839623437383631363739613637613637643034386366653930
38326137373566323063396361353664386234383939373934616666343864346136623864313038
30326139656636303237343364363632366561616337643565306134626264333365356461633435
35653138323364326334623935386163643661313636653561326137633436393935663334373536
32653136663664646538333163623766316331323361356435306639663431633066306666313036
34323531623234653066623133386464626432623831356534373333306264373537643530313963
38393330306261666464646532653232316161333932653733626663633564656636666363373632
36316430386465303933643830373739646362303335373166373361333832303535623431386637
65333963643231633732313439376266336332663230626130633633316536316635376636343738
64363763383131613033623839633933376632663331346464643733366563356434663736396633
63353361336263373062346231663633366165663862306361653135633463396264353365363032
32623365333837313066353362343137363464643733356636363862363830656638386633316365
36656236313838373831613062393766373932363132363037353439656330376134326139643637
31656435376530626633623334393265646165623832343238366665363932353837646465376132
30303834313734326532643362643632626333336538396138396538346161613235303738386162
32623038313337353337366138323632383735383137326530353632343434303530333034653735
31386466643632643066316435323536613466656331616437323636316537383233346132313263
32363464656233336339333366383538396431336630666631313939326337353063383832306131
65373434336462396539313264663565633966616663636438356335646166346535323238333764
64656463633436393738336438613437616562386538616237316664326664306234646339316537
37306535306539646239313934323633386136373665393830633464343533663162373762343836
38336563356638626233666532333830326238653334343930623438326261303364656131353062
39626633313339346531363438333734393361663662383166323564393236656566656365366635
63366538663061393235613333363631653834656336393839383762396564653638663833303134
61336632333565336465336163383535363937393638323032336136313535313762333932646432
32333236643465616431376438313061373234373434643061643966653561356337386166616637
35613035376133633564353537323739396264663832326334383138386338313438643035636337
63326639623832396638353662643435646530646236306335303562313331623561326261643839
63656364306132626535396633623134656262616335653361303364376131626163323137393434
61303330343865656465333634636336643764306566333037623337346232646339313530663637
34633630383665633130613961653134303033323334623036383463386439613736303638373963
31656334313330623663643836333664336362633366393735323732623565313561343431323731
64373032303634653434336562633961656336326564356638643739656633303130646139333366
33623665613763306162373764383863633737386532373731633261663833383433306362633230
33303836656531653939663863623738316165343431663237323466396638303766613531666531
62313564656464363231336562646233393031636363666362376339363562383561666331313763
38616238663165643161643936313663616438633639323638633364663538646339366363623032
33396432333231383133613737383464306436646462343938376361636136383838393033376439
38613733356331663731336137363538633464323661306235346663303035616464333034313566
61396334633235643464653465326162343730333731386662326130316464623666646132383835
31363630316534623339316333373031366430383231386634306136393665323237653437636262
30393662663537333734643839373031363465646233626233383463393561613932333666366438
66363238333837623631343931323034376330336234376463373334323963646530326265393864
33653835633664333965656439373935383631376434333634313565356437383439346161383035
36666265366263386130
