$ANSIBLE_VAULT;1.1;AES256
62396336383732653336356430323437663833323235396533346630393132386134653230656166
6665636264663934333938626636323830303538636335630a383933323738323465663032396563
37613262646466643238373932363937303436643438636530663762323866656439363131343738
3166363437306231360a383139616463373766393633653261383265343735306666653234376535
61313730376635633935343566336136383738393263623737333661636463346531353835633637
31356334316265393464393930656365663766376165646535646331326333643136616233653866
32623338316365636235356133376435356638643264333563616538333338623637386332323333
65626231316230313862653562666331646363303765303463633932343030623063663032653738
30323831306436616234396663623433306433353863626166373733353461383635363962346639
66383564363434653036643232323763623663383864373633636264663638346461626164393764
37376339323039626234313738643164613435623663633834633037373965303430613831306132
30333932666336333031333338383264316638383863306533353765363439326664303763306635
63373463333532656365313166346630616237383866363536353264633161306532346135383538
31386439303635306430343132383836323365623132643937356634333661376437336438383333
35393939356262653861626139663839646166373064623764346338643632313737623533353930
33373961396663373061643966633039343739316437636231643339386461663037353033626534
35663539393066346364373231643561313033323835363065303261613735633336306364653134
65376361656463323464356235616162623737666133363432613763383530653134316138373564
38383539643662616432663032326666623339663463393565613965666637386363336366323932
38383862313938363361396165653639316137346637306630353362326631396664633961303164
30323235316631386662633132373139376265656164326238353462313230363366396235323166
39326363306663373232326262343634363334303263383761643534353961376633666434646366
30623539313365333737343933303930373339636562383734326336336535383733613738646266
65343862333966306635386632393962633132396533653136613765353230383935363833646362
39313065633735373336376437356266313136623561623232366634386330353137643066386131
61383832656639663733336437626462316364613531666364343066623533396561313435343066
37636463363537396330363161653031386635303533626234636636356135306165663534313664
61343966613232633838383438623738373963636162623239383161386138663161356637626238
66306662653039316565323463363337363261303130386266373165343831366166316631656464
61343566373662313166313632383931656663653365626664613065353238653533333365623663
39363463643839333862306437356137306464383565393263333436373462326362666535363837
61316135623964663966636339383337323266313433383332626131623136303235616432386364
62613930333531376264643337366237356632336162303339316332313731303538653330613964
62386638333532356562383864376637323932633733363738646330313666336335616538383863
31316365616230333361666437616435663738323534363431393238663236326562336135366130
32623231613932303233613332383366326536323035613262636561323061306561363162626338
61303532653838383037303532666232396238313865613839303165653033353532616462646238
36396232613236343530343134353834323365613865626239643837646632643663613838393938
32383939326133313831376339333136366437333137613866666461323163353832326330333939
63613061383537376431383733666532353236326439303362623731346561366461613865303338
63323437376663313565353936396234313935363061386431663563643665326433316564333636
61333335623863623430333030326133373735663434336166386363616533613062313337393338
31316164636333656239333932346664636335303363633535656536323736646239326539373435
66343533393237303662653438323164386132663162323066643963393464343530336663313561
34326339353934343165626664376238346532373061373439346131326463333239393764663063
61326136306633613931333536303566316337333232636430656532663135643934393934303239
30393564653562373034306530326132376263353266663062666366633633393366373461646536
62323836653732633639366466393935623865363437313266633965353438383166653366613662
34373062353731643233343765623130616530623430326662613435373234663633323232633336
64613866643464623537353963376166356236303238376334313665373662316434646661623732
30326661343831313061323065643539616536346234353538653765373132613264623531346130
64373137666236633962643138653537653664666130636261376538303334373063613666613932
66313162303735626463346562353935383231313861643934306563613336343962383930633737
37633835343663656639646430653638313234353130376233623765613065323038303939623965
38613231316466653534366132343036333231653139666463303033313466623965306663333739
34383363316434386136643539386664623161656466616338396138336163623638613538663133
63636631333932626161383137353439613863346135633133363265376566656132303962643763
64663035656135666465393961353637323036636661346465613264303535383064366230353665
36656462373135303665643065373466336235383638333532643835666264336237666234306461
38346539383664383361396239626539336337376432373566353137653531643663663137633037
32313036316663393766373730633961383330333333656262656462646235393666656466323561
64303533386435343466656535306634373363343435376331313337633032343966373235666135
64356164383563346331356333633061646261633663373532633637383936346230386637306134
37656266343161616661363832316566396334666631366234646336363833646230336433313035
64386133633733313563376533613232306438663062356136306634313964323833353961316432
63373932383666666361313163656532303264666133643663393364636633366666663466313733
30333966666635613333353933386665376438356663343833313263366664383562353439393039
62643239303462343730646362346464633137333866393330616536616331336630663930396163
64613861323863396232366137643539613235346434363561333164303238363365336338623766
64613934656130373332636633653439643865303131663639303331323736623034643265636662
35303832356463386534376661653739393730326131653332326633313333633938393532633239
34326166396235386336653633643066666663633632613436613465373034656439343861313631
39326266666639636461356536343263303830356331386338333464633366343034353766303764
32353562656531393265396538396431636662346661343734613465383839393430626336373563
38656461393661323662616236316239656536333736323161656637613437316530306538666436
39336563343932373639353762333035363031386431656234343938343461316338633132373734
39316137376231613536626436636231343431653835373761396338356636373637373762346132
39353632326337383039663639633438636562353233666334313562336132326232363234373665
64363134633131646539323638323035613662373138623936303835353666383064343864656261
65333434396331346662373762346533666533646630656563313334623231373465356134323733
37613539346439333031663835633735353764333733363236653261383232623731616331666133
64373338326136656164336564363532363165396438663465396563373736343966333464656563
30386339326238386133303762346639646666326661316461613335373133303430396436366435
65346438356363353865303865623831386330633065343233616333393061383135323863346631
34383165623164383138663262316334616337643464613363363561623439373730396337376532
30653032613566666536343461326430303036386132393562616639313335653538653066643236
32353735633062376136353332623661663265636331356437653130653839326331653239366161
37376132643662386264
